3500
7000
10500
14000
17500
21000
24500
28000
31500
35000
38500
42000
45500
49000
52500
56000
59500
63000
66500
70000
79500
89000
98500
108000
117500
127000
136500
146000
155500
165000
174500
184000
193500
203000
212500
222000
231500
241000
250500
260000
269500
279000
288500
298000
307500
317000
326500
336000
345500
355000
373500
392000
410500
429000
447500
466000
484500
503000
521500
540000
558500
577000
595500
614000
632500
651000
669500
688000
706500
725000
743500
762000
780500
799000
817500
836000
854500
873000
891500
910000
939500
969000
998500
1028000
1057500
1087000
1116500
1146000
1175500
1205000
1234500
1264000
1293500
1323000
1352500
1382000
1411500
1441000
1470500
1500000
